1x1
- demand: 326.39222222222224 1174.0
- analytic: 326.4511111111111 1174.0
- hybrid: 
- dqn: 328.17555555555555 1174.0
- policy: 326.73277777777776 1174.0

