1x1
- demand:  534.7404761904762 2076.0
- analytic: 511.72579365079366 2236.0
- hybrid: 530 2112
- dqn: 560 1932
- policy: 553 1975

